gyrox:1.1874847412109375
gyroy:-2.6698150634765625
gyroz:-0.648773193359375